filename: MC3_POPC_KBR_5_s377_sum
Qxy: 0.040A-1
detector: p100k
orientation: vertical; upper-out pixel: [1, 195]; center pixel [v h]: [4.608136e+02, 168]
 signal pixe [v h]: [4.608136e+02 146]
detector distance: 703.000000 mm
summed over +-10 pixels horizontally
pixel	tt	I	e_I	Qz
[a.u.]	[deg]	[a.u.]	[a.u.]	[A^-1]
460
1	6.4188	66	8.124	0.85811
2	6.405	56	7.4833	0.85629
3	6.3911	57	7.5498	0.85447
4	6.3773	68	8.2462	0.85264
5	6.3634	46	6.7823	0.85082
6	6.3496	59	7.6811	0.849
7	6.3358	53	7.2801	0.84717
8	6.3219	53	7.2801	0.84535
9	6.3081	46	6.7823	0.84352
10	6.2942	63	7.9373	0.8417
11	6.2804	42	6.4807	0.83987
12	6.2665	38	6.1644	0.83805
13	6.2527	60	7.746	0.83623
14	6.2388	56	7.4833	0.8344
15	6.2249	42	6.4807	0.83258
16	6.2111	53	7.2801	0.83075
17	6.1972	49	7	0.82893
18	6.1834	44	6.6332	0.8271
19	6.1695	49	7	0.82527
20	6.1557	52	7.2111	0.82345
21	6.1418	52	7.2111	0.82162
22	6.128	52	7.2111	0.8198
23	6.1141	50	7.0711	0.81797
24	6.1002	64	8	0.81614
25	6.0864	56	7.4833	0.81432
26	6.0725	52	7.2111	0.81249
27	6.0587	42	6.4807	0.81067
28	6.0448	54	7.3485	0.80884
29	6.0309	55	7.4162	0.80701
30	6.0171	60	7.746	0.80518
31	6.0032	48	6.9282	0.80336
32	5.9893	59	7.6811	0.80153
33	5.9755	63	7.9373	0.7997
34	5.9616	57	7.5498	0.79787
35	5.9477	60	7.746	0.79605
36	5.9339	48	6.9282	0.79422
37	5.92	51	7.1414	0.79239
38	5.9061	65	8.0623	0.79056
39	5.8923	56	7.4833	0.78873
40	5.8784	69	8.3066	0.78691
41	5.8645	74	8.6023	0.78508
42	5.8506	72	8.4853	0.78325
43	5.8368	47	6.8557	0.78142
44	5.8229	56	7.4833	0.77959
45	5.809	57	7.5498	0.77776
46	5.7951	66	8.124	0.77593
47	5.7813	58	7.6158	0.7741
48	5.7674	51	7.1414	0.77227
49	5.7535	63	7.9373	0.77044
50	5.7396	57	7.5498	0.76861
51	5.7258	69	8.3066	0.76678
52	5.7119	61	7.8102	0.76495
53	5.698	65	8.0623	0.76312
54	5.6841	75	8.6603	0.76129
55	5.6702	56	7.4833	0.75946
56	5.6564	62	7.874	0.75763
57	5.6425	65	8.0623	0.7558
58	5.6286	63	7.9373	0.75397
59	5.6147	62	7.874	0.75214
60	5.6008	66	8.124	0.75031
61	5.5869	61	7.8102	0.74848
62	5.5731	68	8.2462	0.74665
63	5.5592	65	8.0623	0.74481
64	5.5453	61	7.8102	0.74298
65	5.5314	67	8.1854	0.74115
66	5.5175	38	6.1644	0.73932
67	5.5036	47	6.8557	0.73749
68	5.4897	72	8.4853	0.73565
69	5.4758	57	7.5498	0.73382
70	5.4619	53	7.2801	0.73199
71	5.4481	88	9.3808	0.73016
72	5.4342	59	7.6811	0.72832
73	5.4203	75	8.6603	0.72649
74	5.4064	55	7.4162	0.72466
75	5.3925	60	7.746	0.72282
76	5.3786	54	7.3485	0.72099
77	5.3647	66	8.124	0.71916
78	5.3508	66	8.124	0.71732
79	5.3369	78	8.8318	0.71549
80	5.323	79	8.8882	0.71366
81	5.3091	59	7.6811	0.71182
82	5.2952	52	7.2111	0.70999
83	5.2813	47	6.8557	0.70816
84	5.2674	77	8.775	0.70632
85	5.2535	59	7.6811	0.70449
86	5.2396	71	8.4261	0.70265
87	5.2257	55	7.4162	0.70082
88	5.2118	45	6.7082	0.69898
89	5.1979	63	7.9373	0.69715
90	5.184	53	7.2801	0.69531
91	5.1701	70	8.3666	0.69348
92	5.1562	52	7.2111	0.69164
93	5.1423	80	8.9443	0.68981
94	5.1284	43	6.5574	0.68797
95	5.1145	59	7.6811	0.68614
96	5.1006	72	8.4853	0.6843
97	5.0866	70	8.3666	0.68247
98	5.0727	76	8.7178	0.68063
99	5.0588	62	7.874	0.67879
100	5.0449	67	8.1854	0.67696
101	5.031	75	8.6603	0.67512
102	5.0171	53	7.2801	0.67329
103	5.0032	62	7.874	0.67145
104	4.9893	68	8.2462	0.66961
105	4.9754	54	7.3485	0.66778
106	4.9615	66	8.124	0.66594
107	4.9475	58	7.6158	0.6641
108	4.9336	56	7.4833	0.66226
109	4.9197	67	8.1854	0.66043
110	4.9058	57	7.5498	0.65859
111	4.8919	66	8.124	0.65675
112	4.878	81	9	0.65492
113	4.864	55	7.4162	0.65308
114	4.8501	54	7.3485	0.65124
115	4.8362	56	7.4833	0.6494
116	4.8223	72	8.4853	0.64756
117	4.8084	76	8.7178	0.64573
118	4.7944	70	8.3666	0.64389
119	4.7805	56	7.4833	0.64205
120	4.7666	70	8.3666	0.64021
121	4.7527	67	8.1854	0.63837
122	4.7388	58	7.6158	0.63653
123	4.7248	58	7.6158	0.63469
124	4.7109	64	8	0.63286
125	4.697	54	7.3485	0.63102
126	4.6831	70	8.3666	0.62918
127	4.6691	67	8.1854	0.62734
128	4.6552	49	7	0.6255
129	4.6413	53	7.2801	0.62366
130	4.6274	70	8.3666	0.62182
131	4.6134	62	7.874	0.61998
132	4.5995	80	8.9443	0.61814
133	4.5856	49	7	0.6163
134	4.5716	64	8	0.61446
135	4.5577	72	8.4853	0.61262
136	4.5438	62	7.874	0.61078
137	4.5299	49	7	0.60894
138	4.5159	60	7.746	0.6071
139	4.502	57	7.5498	0.60526
140	4.4881	61	7.8102	0.60342
141	4.4741	68	8.2462	0.60158
142	4.4602	66	8.124	0.59974
143	4.4463	63	7.9373	0.5979
144	4.4323	73	8.544	0.59606
145	4.4184	55	7.4162	0.59421
146	4.4045	82	9.0554	0.59237
147	4.3905	66	8.124	0.59053
148	4.3766	48	6.9282	0.58869
149	4.3627	73	8.544	0.58685
150	4.3487	79	8.8882	0.58501
151	4.3348	64	8	0.58317
152	4.3208	81	9	0.58132
153	4.3069	87	9.3274	0.57948
154	4.293	94	9.6954	0.57764
155	4.279	78	8.8318	0.5758
156	4.2651	62	7.874	0.57396
157	4.2511	69	8.3066	0.57211
158	4.2372	84	9.1652	0.57027
159	4.2233	80	8.9443	0.56843
160	4.2093	87	9.3274	0.56659
161	4.1954	72	8.4853	0.56474
162	4.1814	90	9.4868	0.5629
163	4.1675	82	9.0554	0.56106
164	4.1535	95	9.7468	0.55921
165	4.1396	82	9.0554	0.55737
166	4.1256	110	10.488	0.55553
167	4.1117	88	9.3808	0.55368
168	4.0978	92	9.5917	0.55184
169	4.0838	83	9.1104	0.55
170	4.0699	110	10.488	0.54815
171	4.0559	94	9.6954	0.54631
172	4.042	111	10.536	0.54447
173	4.028	92	9.5917	0.54262
174	4.0141	110	10.488	0.54078
175	4.0001	115	10.724	0.53893
176	3.9862	127	11.269	0.53709
177	3.9722	131	11.446	0.53524
178	3.9583	122	11.045	0.5334
179	3.9443	104	10.198	0.53156
180	3.9304	110	10.488	0.52971
181	3.9164	108	10.392	0.52787
182	3.9025	143	11.958	0.52602
183	3.8885	140	11.832	0.52418
184	3.8745	136	11.662	0.52233
185	3.8606	125	11.18	0.52049
186	3.8466	132	11.489	0.51864
187	3.8327	147	12.124	0.5168
188	3.8187	137	11.705	0.51495
189	3.8048	151	12.288	0.51311
190	3.7908	152	12.329	0.51126
191	3.7769	135	11.619	0.50942
192	3.7629	140	11.832	0.50757
193	3.7489	149	12.207	0.50572
194	3.735	162	12.728	0.50388
195	3.721	147	12.124	0.50203
196	3.7071	166	12.884	0.50019
197	3.6931	147	12.124	0.49834
198	3.6791	142	11.916	0.49649
199	3.6652	165	12.845	0.49465
200	3.6512	161	12.689	0.4928
201	3.6373	167	12.923	0.49095
202	3.6233	176	13.266	0.48911
203	3.6093	185	13.601	0.48726
204	3.5954	183	13.528	0.48541
205	3.5814	163	12.767	0.48357
206	3.5674	177	13.304	0.48172
207	3.5535	173	13.153	0.47987
208	3.5395	166	12.884	0.47803
209	3.5255	186	13.638	0.47618
210	3.5116	166	12.884	0.47433
211	3.4976	182	13.491	0.47249
212	3.4836	203	14.248	0.47064
213	3.4697	197	14.036	0.46879
214	3.4557	191	13.82	0.46694
215	3.4417	187	13.675	0.4651
216	3.4278	191	13.82	0.46325
217	3.4138	189	13.748	0.4614
218	3.3998	200	14.142	0.45955
219	3.3859	172	13.115	0.4577
220	3.3719	179	13.379	0.45586
221	3.3579	193	13.892	0.45401
222	3.344	197	14.036	0.45216
223	3.33	192	13.856	0.45031
224	3.316	209	14.457	0.44846
225	3.302	196	14	0.44661
226	3.2881	192	13.856	0.44477
227	3.2741	190	13.784	0.44292
228	3.2601	203	14.248	0.44107
229	3.2462	183	13.528	0.43922
230	3.2322	201	14.177	0.43737
231	3.2182	217	14.731	0.43552
232	3.2042	219	14.799	0.43367
233	3.1903	202	14.213	0.43182
234	3.1763	199	14.107	0.42998
235	3.1623	198	14.071	0.42813
236	3.1483	210	14.491	0.42628
237	3.1344	217	14.731	0.42443
238	3.1204	243	15.588	0.42258
239	3.1064	215	14.663	0.42073
240	3.0924	204	14.283	0.41888
241	3.0785	213	14.595	0.41703
242	3.0645	194	13.928	0.41518
243	3.0505	197	14.036	0.41333
244	3.0365	190	13.784	0.41148
245	3.0225	176	13.266	0.40963
246	3.0086	195	13.964	0.40778
247	2.9946	199	14.107	0.40593
248	2.9806	211	14.526	0.40408
249	2.9666	205	14.318	0.40223
250	2.9526	184	13.565	0.40038
251	2.9387	170	13.038	0.39853
252	2.9247	186	13.638	0.39668
253	2.9107	180	13.416	0.39483
254	2.8967	165	12.845	0.39298
255	2.8827	168	12.961	0.39113
256	2.8687	188	13.711	0.38928
257	2.8548	190	13.784	0.38743
258	2.8408	193	13.892	0.38557
259	2.8268	179	13.379	0.38372
260	2.8128	179	13.379	0.38187
261	2.7988	205	14.318	0.38002
262	2.7848	147	12.124	0.37817
263	2.7709	197	14.036	0.37632
264	2.7569	174	13.191	0.37447
265	2.7429	185	13.601	0.37262
266	2.7289	168	12.961	0.37077
267	2.7149	168	12.961	0.36891
268	2.7009	157	12.53	0.36706
269	2.6869	169	13	0.36521
270	2.6729	165	12.845	0.36336
271	2.659	139	11.79	0.36151
272	2.645	153	12.369	0.35966
273	2.631	154	12.41	0.3578
274	2.617	151	12.288	0.35595
275	2.603	148	12.166	0.3541
276	2.589	153	12.369	0.35225
277	2.575	137	11.705	0.3504
278	2.561	124	11.136	0.34854
279	2.547	125	11.18	0.34669
280	2.5331	118	10.863	0.34484
281	2.5191	119	10.909	0.34299
282	2.5051	120	10.954	0.34114
283	2.4911	123	11.091	0.33928
284	2.4771	136	11.662	0.33743
285	2.4631	117	10.817	0.33558
286	2.4491	148	12.166	0.33373
287	2.4351	141	11.874	0.33187
288	2.4211	120	10.954	0.33002
289	2.4071	113	10.63	0.32817
290	2.3931	134	11.576	0.32631
291	2.3791	122	11.045	0.32446
292	2.3651	127	11.269	0.32261
293	2.3511	105	10.247	0.32076
294	2.3371	110	10.488	0.3189
295	2.3232	95	9.7468	0.31705
296	2.3092	103	10.149	0.3152
297	2.2952	103	10.149	0.31334
298	2.2812	102	10.1	0.31149
299	2.2672	111	10.536	0.30964
300	2.2532	104	10.198	0.30778
301	2.2392	92	9.5917	0.30593
302	2.2252	98	9.8995	0.30408
303	2.2112	103	10.149	0.30222
304	2.1972	98	9.8995	0.30037
305	2.1832	104	10.198	0.29852
306	2.1692	107	10.344	0.29666
307	2.1552	76	8.7178	0.29481
308	2.1412	93	9.6437	0.29295
309	2.1272	94	9.6954	0.2911
310	2.1132	98	9.8995	0.28925
311	2.0992	78	8.8318	0.28739
312	2.0852	85	9.2195	0.28554
313	2.0712	86	9.2736	0.28369
314	2.0572	92	9.5917	0.28183
315	2.0432	90	9.4868	0.27998
316	2.0292	84	9.1652	0.27812
317	2.0152	83	9.1104	0.27627
318	2.0012	86	9.2736	0.27441
319	1.9872	80	8.9443	0.27256
320	1.9732	95	9.7468	0.27071
321	1.9592	95	9.7468	0.26885
322	1.9452	95	9.7468	0.267
323	1.9312	114	10.677	0.26514
324	1.9172	89	9.434	0.26329
325	1.9032	100	10	0.26143
326	1.8892	107	10.344	0.25958
327	1.8752	83	9.1104	0.25772
328	1.8612	110	10.488	0.25587
329	1.8472	99	9.9499	0.25401
330	1.8332	115	10.724	0.25216
331	1.8192	101	10.05	0.2503
332	1.8052	115	10.724	0.24845
333	1.7911	123	11.091	0.24659
334	1.7771	101	10.05	0.24474
335	1.7631	105	10.247	0.24288
336	1.7491	119	10.909	0.24103
337	1.7351	129	11.358	0.23917
338	1.7211	114	10.677	0.23732
339	1.7071	132	11.489	0.23546
340	1.6931	132	11.489	0.23361
341	1.6791	140	11.832	0.23175
342	1.6651	135	11.619	0.2299
343	1.6511	128	11.314	0.22804
344	1.6371	143	11.958	0.22619
345	1.6231	150	12.247	0.22433
346	1.6091	149	12.207	0.22248
347	1.5951	142	11.916	0.22062
348	1.5811	175	13.229	0.21877
349	1.567	157	12.53	0.21691
350	1.553	185	13.601	0.21505
351	1.539	159	12.61	0.2132
352	1.525	181	13.454	0.21134
353	1.511	179	13.379	0.20949
354	1.497	176	13.266	0.20763
355	1.483	201	14.177	0.20578
356	1.469	196	14	0.20392
357	1.455	178	13.342	0.20206
358	1.441	187	13.675	0.20021
359	1.427	196	14	0.19835
360	1.413	207	14.387	0.1965
361	1.3989	199	14.107	0.19464
362	1.3849	216	14.697	0.19278
363	1.3709	213	14.595	0.19093
364	1.3569	215	14.663	0.18907
365	1.3429	200	14.142	0.18722
366	1.3289	219	14.799	0.18536
367	1.3149	244	15.62	0.1835
368	1.3009	234	15.297	0.18165
369	1.2869	230	15.166	0.17979
370	1.2728	238	15.427	0.17793
371	1.2588	269	16.401	0.17608
372	1.2448	233	15.264	0.17422
373	1.2308	236	15.362	0.17236
374	1.2168	271	16.462	0.17051
375	1.2028	235	15.33	0.16865
376	1.1888	249	15.78	0.1668
377	1.1748	261	16.155	0.16494
378	1.1607	264	16.248	0.16308
379	1.1467	260	16.125	0.16123
380	1.1327	276	16.613	0.15937
381	1.1187	256	16	0.15751
382	1.1047	304	17.436	0.15566
383	1.0907	276	16.613	0.1538
384	1.0767	287	16.941	0.15194
385	1.0627	272	16.492	0.15009
386	1.0486	303	17.407	0.14823
387	1.0346	258	16.062	0.14637
388	1.0206	306	17.493	0.14452
389	1.0066	258	16.062	0.14266
390	0.99259	268	16.371	0.1408
391	0.97857	287	16.941	0.13894
392	0.96456	307	17.521	0.13709
393	0.95055	330	18.166	0.13523
394	0.93653	312	17.664	0.13337
395	0.92252	306	17.493	0.13152
396	0.9085	292	17.088	0.12966
397	0.89449	311	17.635	0.1278
398	0.88047	284	16.852	0.12595
399	0.86646	327	18.083	0.12409
400	0.85244	321	17.916	0.12223
401	0.83843	300	17.321	0.12037
402	0.82441	283	16.823	0.11852
403	0.8104	299	17.292	0.11666
404	0.79638	311	17.635	0.1148
405	0.78236	285	16.882	0.11295
406	0.76835	321	17.916	0.11109
407	0.75433	312	17.664	0.10923
408	0.74032	294	17.146	0.10737
409	0.7263	328	18.111	0.10552
410	0.71228	322	17.944	0.10366
411	0.69827	303	17.407	0.1018
412	0.68425	300	17.321	0.099946
413	0.67024	310	17.607	0.098088
414	0.65622	329	18.138	0.096231
415	0.6422	315	17.748	0.094374
416	0.62819	318	17.833	0.092516
417	0.61417	302	17.378	0.090659
418	0.60015	304	17.436	0.088802
419	0.58614	344	18.547	0.086944
420	0.57212	316	17.776	0.085087
421	0.5581	310	17.607	0.083229
422	0.54409	327	18.083	0.081372
423	0.53007	326	18.055	0.079514
424	0.51605	307	17.521	0.077657
425	0.50203	302	17.378	0.0758
426	0.48802	316	17.776	0.073942
427	0.474	337	18.358	0.072085
428	0.45998	347	18.628	0.070227
429	0.44596	299	17.292	0.068369
430	0.43195	303	17.407	0.066512
431	0.41793	297	17.234	0.064654
432	0.40391	343	18.52	0.062797
433	0.38989	328	18.111	0.060939
434	0.37588	311	17.635	0.059082
435	0.36186	304	17.436	0.057224
436	0.34784	316	17.776	0.055367
437	0.33382	289	17	0.053509
438	0.31981	293	17.117	0.051651
439	0.30579	327	18.083	0.049794
440	0.29177	290	17.029	0.047936
441	0.27775	306	17.493	0.046078
442	0.26373	315	17.748	0.044221
443	0.24972	340	18.439	0.042363
444	0.2357	316	17.776	0.040506
445	0.22168	322	17.944	0.038648
446	0.20766	331	18.193	0.03679
447	0.19364	319	17.861	0.034933
448	0.17963	337	18.358	0.033075
449	0.16561	321	17.916	0.031217
450	0.15159	325	18.028	0.029359
451	0.13757	321	17.916	0.027502
452	0.12355	394	19.849	0.025644
453	0.10953	377	19.416	0.023786
454	0.095516	485	22.023	0.021929
455	0.081497	869	29.479	0.020071
456	0.067479	746	27.313	0.018213
457	0.053461	494	22.226	0.016356
458	0.039443	308	17.55	0.014498
459	0.025424	152	12.329	0.01264
460	0.011406	89	9.434	0.010783
461	-0.0026123	51	7.1414	0.0089249
462	-0.016631	48	6.9282	0.0070672
463	-0.030649	14	3.7417	0.0052095
464	-0.044667	11	3.3166	0.0033518
465	-0.058686	6	2.4495	0.0014941
466	-0.072704	2	1.4142	-0.00036362
467	-0.086722	3	1.7321	-0.0022213
468	-0.10074	7	2.6458	-0.004079
469	-0.11476	3	1.7321	-0.0059367
470	-0.12878	4	2	-0.0077944
471	-0.1428	3	1.7321	-0.0096521
472	-0.15681	3	1.7321	-0.01151
473	-0.17083	0	0	-0.013367
474	-0.18485	4	2	-0.015225
475	-0.19887	4	2	-0.017083
476	-0.21289	5	2.2361	-0.01894
477	-0.2269	3	1.7321	-0.020798
478	-0.24092	1	1	-0.022656
479	-0.25494	2	1.4142	-0.024513
480	-0.26896	3	1.7321	-0.026371
481	-0.28298	2	1.4142	-0.028229
482	-0.29699	1	1	-0.030086
483	-0.31101	0	0	-0.031944
484	-0.32503	5	2.2361	-0.033802
485	-0.33905	0	0	-0.035659
486	-0.35307	3	1.7321	-0.037517
487	-0.36708	5	2.2361	-0.039374
